#pairs	Agg BW average[MB/sec]	Agg MsgRate[Mpps]	BW averages[MB/sec]	MsgRates[Mpps]
1	1260.54	0.020169	1260.54	0.020169
2	1884.04	0.030144999999999998	916.00,968.04	0.014656,0.015489
3	2615.1400000000003	0.041842	868.89,897.24,849.01	0.013902,0.014356,0.013584
4	3373.67	0.053978000000000005	870.38,855.03,789.09,859.17	0.013926,0.013680,0.012625,0.013747
5	4262.5	0.068199	860.94,851.77,775.86,850.09,923.84	0.013775,0.013628,0.012414,0.013601,0.014781
6	5052.6	0.080842	704.79,842.25,790.13,883.11,975.82,856.50	0.011277,0.013476,0.012642,0.014130,0.015613,0.013704
7	5608.599999999999	0.089738	616.36,837.59,813.91,883.01,955.75,879.86,622.12	0.009862,0.013401,0.013023,0.014128,0.015292,0.014078,0.009954
8	6471.869999999999	0.103551	616.16,838.83,838.42,856.95,927.54,896.60,624.56,872.81	0.009859,0.013421,0.013415,0.013711,0.014841,0.014346,0.009993,0.013965
9	7173.099999999999	0.11477	610.06,824.71,823.79,821.98,915.27,874.38,617.24,824.35,861.32	0.009761,0.013195,0.013181,0.013152,0.014644,0.013990,0.009876,0.013190,0.013781
10	7940.049999999999	0.12703899999999999	600.81,815.01,807.84,805.70,894.53,859.39,605.87,836.59,858.86,855.45	0.009613,0.013040,0.012925,0.012891,0.014312,0.013750,0.009694,0.013385,0.013742,0.013687
11	8659.03	0.138545	607.85,789.75,803.84,831.61,869.54,819.97,615.35,823.25,839.62,829.38,828.87	0.009726,0.012636,0.012861,0.013306,0.013913,0.013119,0.009846,0.013172,0.013434,0.013270,0.013262
12	9206.820000000002	0.14730900000000002	603.22,791.71,776.25,767.61,862.16,831.19,610.15,772.84,779.06,804.94,769.01,838.68	0.009652,0.012667,0.012420,0.012282,0.013795,0.013299,0.009762,0.012365,0.012465,0.012879,0.012304,0.013419
13	9901.5	0.15842299999999998	607.30,778.07,757.37,777.82,855.27,764.83,616.87,759.43,815.77,765.71,756.48,788.88,857.70	0.009717,0.012449,0.012118,0.012445,0.013684,0.012237,0.009870,0.012151,0.013052,0.012251,0.012104,0.012622,0.013723
14	10602.73	0.16964400000000002	593.86,741.27,773.87,765.93,832.93,809.43,597.97,808.93,805.66,786.56,802.62,822.26,810.63,650.81	0.009502,0.011860,0.012382,0.012255,0.013327,0.012951,0.009567,0.012943,0.012891,0.012585,0.012842,0.013156,0.012970,0.010413
15	11148.710000000001	0.178379	603.97,765.38,777.33,815.27,841.13,779.78,608.10,755.00,787.37,799.11,730.99,793.43,824.44,627.77,639.64	0.009663,0.012246,0.012437,0.013044,0.013458,0.012477,0.009730,0.012080,0.012598,0.012786,0.011696,0.012695,0.013191,0.010044,0.010234
16	11136.85	0.17819	388.72,783.29,759.66,793.96,824.55,791.24,391.69,793.06,748.02,801.11,759.12,804.43,838.63,621.69,644.90,392.78	0.006220,0.012533,0.012155,0.012703,0.013193,0.012660,0.006267,0.012689,0.011968,0.012818,0.012146,0.012871,0.013418,0.009947,0.010318,0.006284
17	11207.4	0.179319	389.42,765.49,735.77,772.37,817.05,740.45,392.74,788.58,750.38,549.65,699.48,797.40,843.60,618.12,613.35,392.63,540.92	0.006231,0.012248,0.011772,0.012358,0.013073,0.011847,0.006284,0.012617,0.012006,0.008794,0.011192,0.012758,0.013498,0.009890,0.009814,0.006282,0.008655
18	11650.089999999998	0.18640299999999999	386.23,746.22,724.30,782.60,817.28,744.95,387.68,752.11,658.78,572.91,693.57,793.27,836.24,623.88,647.69,389.67,546.65,546.06	0.006180,0.011940,0.011589,0.012522,0.013076,0.011919,0.006203,0.012034,0.010541,0.009167,0.011097,0.012692,0.013380,0.009982,0.010363,0.006235,0.008746,0.008737
19	11638.589999999998	0.18621700000000002	375.27,713.04,710.80,714.39,709.80,701.44,376.84,680.07,522.21,559.63,680.65,706.32,711.20,626.36,655.92,376.43,544.66,568.68,704.88	0.006004,0.011409,0.011373,0.011430,0.011357,0.011223,0.006029,0.010881,0.008355,0.008954,0.010890,0.011301,0.011379,0.010022,0.010495,0.006023,0.008715,0.009099,0.011278
20	11624.24	0.185988	380.64,644.48,643.12,643.83,644.18,633.70,382.19,630.97,539.53,542.44,636.84,639.31,634.81,632.95,641.53,381.55,549.01,538.35,643.72,641.09	0.006090,0.010312,0.010290,0.010301,0.010307,0.010139,0.006115,0.010095,0.008633,0.008679,0.010190,0.010229,0.010157,0.010127,0.010264,0.006105,0.008784,0.008614,0.010300,0.010257
21	11632.37	0.18611699999999998	376.09,618.72,620.08,615.15,621.27,608.18,378.87,616.84,536.96,547.26,615.30,620.72,617.88,477.96,610.14,372.13,540.70,533.99,596.51,621.67,485.95	0.006017,0.009900,0.009921,0.009842,0.009940,0.009731,0.006062,0.009870,0.008591,0.008756,0.009845,0.009932,0.009886,0.007647,0.009762,0.005954,0.008651,0.008544,0.009544,0.009947,0.007775
22	11649.380000000001	0.18638999999999997	378.84,579.62,573.45,577.43,580.18,572.83,380.18,579.73,538.93,539.89,579.92,579.52,505.94,484.12,579.88,379.12,535.18,535.40,577.00,580.00,473.18,539.04	0.006061,0.009274,0.009175,0.009239,0.009283,0.009165,0.006083,0.009276,0.008623,0.008638,0.009279,0.009272,0.008095,0.007746,0.009278,0.006066,0.008563,0.008566,0.009232,0.009280,0.007571,0.008625
23	11835.869999999999	0.18937199999999996	374.70,537.62,564.16,546.47,532.33,556.71,371.93,569.43,538.56,532.34,560.81,541.74,529.91,473.72,533.45,377.08,533.53,532.53,555.55,537.90,474.60,528.41,532.39	0.005995,0.008602,0.009027,0.008743,0.008517,0.008907,0.005951,0.009111,0.008617,0.008517,0.008973,0.008668,0.008479,0.007579,0.008535,0.006033,0.008536,0.008521,0.008889,0.008606,0.007594,0.008454,0.008518
24	11636.76	0.18618900000000002	369.18,503.84,503.94,504.04,503.88,503.92,373.10,503.57,504.06,500.49,503.96,503.88,503.45,477.44,503.88,371.94,499.55,503.94,503.84,503.67,479.70,503.61,503.89,503.99	0.005907,0.008062,0.008063,0.008065,0.008062,0.008063,0.005970,0.008057,0.008065,0.008008,0.008063,0.008062,0.008055,0.007639,0.008062,0.005951,0.007993,0.008063,0.008061,0.008059,0.007675,0.008058,0.008062,0.008064
25	11644.310000000001	0.18631099999999998	363.01,478.53,482.99,481.49,482.62,482.57,364.37,482.87,475.02,479.93,482.80,481.44,474.87,469.76,482.98,363.90,481.18,473.95,482.17,481.62,471.74,481.47,482.78,482.67,477.58	0.005808,0.007657,0.007728,0.007704,0.007722,0.007721,0.005830,0.007726,0.007600,0.007679,0.007725,0.007703,0.007598,0.007516,0.007728,0.005822,0.007699,0.007583,0.007715,0.007706,0.007548,0.007704,0.007725,0.007723,0.007641
26	11659.769999999997	0.18655599999999997	261.59,476.39,486.28,487.04,486.79,487.32,261.77,486.91,478.83,477.17,487.71,487.28,484.69,464.78,487.07,261.55,480.78,476.89,487.34,487.24,467.88,486.41,486.78,487.67,474.47,261.14	0.004185,0.007622,0.007780,0.007793,0.007789,0.007797,0.004188,0.007791,0.007661,0.007635,0.007803,0.007797,0.007755,0.007437,0.007793,0.004185,0.007692,0.007630,0.007797,0.007796,0.007486,0.007783,0.007788,0.007803,0.007592,0.004178
27	11646.509999999998	0.18634399999999998	266.44,462.74,462.65,461.94,462.90,462.29,264.68,462.76,443.29,461.33,462.53,462.90,452.04,462.12,462.88,263.31,462.12,442.87,462.18,462.83,462.82,459.20,462.80,462.46,463.01,267.28,462.14	0.004263,0.007404,0.007402,0.007391,0.007406,0.007397,0.004235,0.007404,0.007093,0.007381,0.007401,0.007406,0.007233,0.007394,0.007406,0.004213,0.007394,0.007086,0.007395,0.007405,0.007405,0.007347,0.007405,0.007399,0.007408,0.004277,0.007394
28	11645.86	0.18633299999999994	263.39,442.05,441.71,441.81,442.04,441.70,263.10,441.73,438.47,442.08,441.74,441.94,439.00,441.69,441.96,263.66,441.89,438.62,441.62,441.96,441.68,438.77,442.09,441.65,441.86,263.87,441.76,442.02	0.004214,0.007073,0.007067,0.007069,0.007073,0.007067,0.004210,0.007068,0.007016,0.007073,0.007068,0.007071,0.007024,0.007067,0.007071,0.004219,0.007070,0.007018,0.007066,0.007071,0.007067,0.007020,0.007073,0.007066,0.007070,0.004222,0.007068,0.007072
29	11652.029999999999	0.18643100000000004	243.22,429.75,430.63,428.01,430.74,430.68,230.12,430.68,428.03,430.63,430.41,428.96,428.94,427.13,429.94,220.90,428.54,430.51,426.83,429.76,430.71,426.80,430.72,430.45,429.04,221.27,427.55,430.32,430.76	0.003892,0.006876,0.006890,0.006848,0.006892,0.006891,0.003682,0.006891,0.006848,0.006890,0.006887,0.006863,0.006863,0.006834,0.006879,0.003534,0.006857,0.006888,0.006829,0.006876,0.006891,0.006829,0.006891,0.006887,0.006865,0.003540,0.006841,0.006885,0.006892
30	11649.399999999998	0.18638999999999994	222.10,413.89,413.74,413.89,413.83,413.92,222.51,413.80,413.91,413.78,413.79,413.85,413.95,413.80,413.89,222.26,413.89,413.87,413.89,413.84,413.93,413.88,413.74,413.80,413.83,222.34,413.88,413.83,413.89,413.88	0.003554,0.006622,0.006620,0.006622,0.006621,0.006623,0.003560,0.006621,0.006623,0.006621,0.006621,0.006622,0.006623,0.006621,0.006622,0.003556,0.006622,0.006622,0.006622,0.006621,0.006623,0.006622,0.006620,0.006621,0.006621,0.003557,0.006622,0.006621,0.006622,0.006622
31	11637.32	0.18619799999999992	221.62,398.19,397.26,398.30,398.24,398.37,222.78,398.16,398.32,398.21,398.25,398.28,398.22,398.29,398.04,221.50,398.13,398.01,398.36,398.23,398.04,398.29,398.18,398.35,398.26,220.14,398.31,398.23,398.46,398.26,398.04	0.003546,0.006371,0.006356,0.006373,0.006372,0.006374,0.003564,0.006370,0.006373,0.006371,0.006372,0.006372,0.006372,0.006373,0.006369,0.003544,0.006370,0.006368,0.006374,0.006372,0.006369,0.006373,0.006371,0.006374,0.006372,0.003522,0.006373,0.006372,0.006375,0.006372,0.006369
32	11647.650000000001	0.1863639999999999	218.74,384.58,384.53,384.55,384.68,384.63,220.04,384.52,384.34,384.67,384.48,384.70,384.67,384.60,384.65,220.36,384.69,384.43,384.61,384.60,384.68,384.62,384.63,384.62,384.68,219.79,384.62,384.64,384.67,384.62,384.71,384.30	0.003500,0.006153,0.006152,0.006153,0.006155,0.006154,0.003521,0.006152,0.006149,0.006155,0.006152,0.006155,0.006155,0.006154,0.006154,0.003526,0.006155,0.006151,0.006154,0.006154,0.006155,0.006154,0.006154,0.006154,0.006155,0.003517,0.006154,0.006154,0.006155,0.006154,0.006155,0.006149
