#pairs	Agg BW average[MB/sec]	Agg MsgRate[Mpps]	BW averages[MB/sec]	MsgRates[Mpps]
1	984.46	0.015751	984.46	0.015751
2	1772.02	0.028352000000000002	902.21,869.81	0.014435,0.013917
3	2771.39	0.044343	1018.41,874.41,878.57	0.016295,0.013991,0.014057
4	3542.83	0.056685	877.81,961.21,849.60,854.21	0.014045,0.015379,0.013594,0.013667
5	4444.610000000001	0.071113	868.41,858.01,845.88,990.22,882.09	0.013895,0.013728,0.013534,0.015843,0.014113
6	4881.74	0.078108	847.89,826.41,859.61,826.81,874.21,646.81	0.013566,0.013223,0.013754,0.013229,0.013987,0.010349
7	5897.43	0.094358	649.40,857.61,892.01,840.20,852.01,1157.32,648.88	0.010390,0.013722,0.014272,0.013443,0.013632,0.018517,0.010382
8	7197.55	0.115162	820.76,837.41,916.61,807.77,1089.82,777.60,785.16,1162.42	0.013132,0.013399,0.014666,0.012924,0.017437,0.012442,0.012563,0.018599
9	7519.999999999999	0.12032	794.15,878.81,920.90,860.01,821.61,824.61,649.76,907.41,862.74	0.012706,0.014061,0.014734,0.013760,0.013146,0.013194,0.010396,0.014519,0.013804
10	7828.950000000001	0.12526400000000001	818.60,877.04,824.79,860.04,753.74,857.00,532.76,721.00,862.39,721.59	0.013098,0.014033,0.013197,0.013761,0.012060,0.013712,0.008524,0.011536,0.013798,0.011545
11	9196.349999999999	0.147143	890.49,917.91,700.68,1130.81,836.61,635.81,796.72,863.81,641.61,876.69,905.21	0.014248,0.014687,0.011211,0.018093,0.013386,0.010173,0.012748,0.013821,0.010266,0.014027,0.014483
12	9288.6	0.148619	791.16,833.81,811.41,751.78,823.66,752.00,773.10,717.96,801.41,655.60,846.20,730.51	0.012659,0.013341,0.012983,0.012028,0.013179,0.012032,0.012370,0.011487,0.012823,0.010490,0.013539,0.011688
13	10210.53	0.16336799999999999	760.34,801.81,816.81,802.81,790.41,808.59,748.10,625.81,846.21,845.81,823.81,718.01,822.01	0.012165,0.012829,0.013069,0.012845,0.012647,0.012937,0.011970,0.010013,0.013539,0.013533,0.013181,0.011488,0.013152
14	10777.7	0.17244299999999999	728.80,934.42,605.80,814.40,836.81,792.80,613.88,624.17,827.45,804.57,1007.19,686.00,687.21,814.20	0.011661,0.014951,0.009693,0.013030,0.013389,0.012685,0.009822,0.009987,0.013239,0.012873,0.016115,0.010976,0.010995,0.013027
15	11014.579999999998	0.176233	735.45,803.21,560.61,632.01,800.98,764.61,751.44,898.61,584.01,784.41,835.95,813.21,799.21,559.16,691.71	0.011767,0.012851,0.008970,0.010112,0.012816,0.012234,0.012023,0.014378,0.009344,0.012551,0.013375,0.013011,0.012787,0.008947,0.011067
16	11100.63	0.177613	688.30,768.41,685.41,662.56,666.41,674.62,667.96,662.31,719.85,745.81,809.41,418.41,795.01,627.67,878.73,629.76	0.011013,0.012295,0.010967,0.010601,0.010663,0.010794,0.010687,0.010597,0.011518,0.011933,0.012951,0.006695,0.012720,0.010043,0.014060,0.010076
17	11545.100000000002	0.18472299999999997	669.97,731.19,602.86,606.19,506.12,666.41,642.85,746.01,759.61,744.18,786.40,601.91,764.09,731.21,817.87,440.11,728.12	0.010720,0.011699,0.009646,0.009699,0.008098,0.010663,0.010286,0.011936,0.012154,0.011907,0.012582,0.009631,0.012225,0.011699,0.013086,0.007042,0.011650
18	10834.250000000002	0.17335	763.95,726.81,760.59,198.98,792.47,198.53,204.30,706.76,740.91,717.51,198.72,618.85,873.61,663.81,653.40,656.70,641.73,716.62	0.012223,0.011629,0.012169,0.003184,0.012680,0.003177,0.003269,0.011308,0.011855,0.011480,0.003180,0.009902,0.013978,0.010621,0.010454,0.010507,0.010268,0.011466
19	11609.689999999999	0.18575599999999998	609.07,658.02,625.25,636.98,683.07,678.70,572.48,659.48,339.55,637.36,670.00,682.06,650.08,566.41,683.01,600.50,662.83,343.17,651.67	0.009745,0.010528,0.010004,0.010192,0.010929,0.010859,0.009160,0.010552,0.005433,0.010198,0.010720,0.010913,0.010401,0.009063,0.010928,0.009608,0.010605,0.005491,0.010427
20	11636.39	0.18618400000000002	667.45,781.61,770.75,739.33,489.76,543.40,662.45,459.84,709.92,451.12,321.94,322.78,484.78,450.22,518.79,315.28,698.97,743.03,781.16,723.81	0.010679,0.012506,0.012332,0.011829,0.007836,0.008694,0.010599,0.007358,0.011359,0.007218,0.005151,0.005164,0.007757,0.007204,0.008301,0.005044,0.011184,0.011889,0.012499,0.011581
21	11613.359999999999	0.18581599999999995	624.31,622.10,623.08,616.43,587.74,598.45,571.16,303.37,313.98,621.41,623.39,623.60,593.28,611.80,622.50,625.81,621.33,606.38,311.95,320.67,570.62	0.009989,0.009954,0.009969,0.009863,0.009404,0.009575,0.009139,0.004854,0.005024,0.009943,0.009974,0.009978,0.009493,0.009789,0.009960,0.010013,0.009941,0.009702,0.004991,0.005131,0.009130
22	11614.43	0.18583200000000002	312.43,622.16,619.57,617.18,619.46,600.21,307.86,308.57,306.24,587.98,617.98,622.68,588.90,315.67,615.16,311.57,616.08,608.36,587.20,610.40,610.91,607.86	0.004999,0.009955,0.009913,0.009875,0.009911,0.009603,0.004926,0.004937,0.004900,0.009408,0.009888,0.009963,0.009422,0.005051,0.009843,0.004985,0.009857,0.009734,0.009395,0.009766,0.009775,0.009726
23	11585.44	0.18536700000000003	531.98,303.10,600.15,597.06,595.45,597.16,294.72,570.01,525.58,596.93,299.59,584.75,560.08,591.86,597.57,529.78,596.28,516.83,299.95,597.46,307.69,294.05,597.41	0.008512,0.004850,0.009602,0.009553,0.009527,0.009555,0.004715,0.009120,0.008409,0.009551,0.004793,0.009356,0.008961,0.009470,0.009561,0.008477,0.009541,0.008269,0.004799,0.009559,0.004923,0.004705,0.009559
24	11627.71	0.18604300000000001	381.55,261.00,259.47,760.92,627.40,739.84,502.63,736.19,727.94,374.39,722.88,699.76,377.51,411.85,737.24,374.46,404.97,404.23,256.02,273.91,260.14,674.76,253.81,404.84	0.006105,0.004176,0.004152,0.012175,0.010038,0.011837,0.008042,0.011779,0.011647,0.005990,0.011566,0.011196,0.006040,0.006590,0.011796,0.005991,0.006480,0.006468,0.004096,0.004383,0.004162,0.010796,0.004061,0.006477
25	11611.62	0.185787	545.94,565.19,591.41,195.52,590.80,293.59,298.29,198.78,296.11,593.50,581.93,592.43,584.74,580.22,593.78,296.88,301.13,198.08,592.12,296.31,573.48,544.79,575.26,552.22,579.12	0.008735,0.009043,0.009463,0.003128,0.009453,0.004697,0.004773,0.003180,0.004738,0.009496,0.009311,0.009479,0.009356,0.009284,0.009500,0.004750,0.004818,0.003169,0.009474,0.004741,0.009176,0.008717,0.009204,0.008836,0.009266
26	11567.589999999997	0.185081	563.37,590.07,561.78,618.73,627.33,603.87,314.14,313.90,619.08,314.85,613.12,627.38,589.91,317.78,317.82,157.41,310.84,623.24,314.13,158.20,569.24,315.57,627.31,157.30,583.88,157.34	0.009014,0.009441,0.008989,0.009900,0.010037,0.009662,0.005026,0.005022,0.009905,0.005038,0.009810,0.010038,0.009438,0.005084,0.005085,0.002519,0.004973,0.009972,0.005026,0.002531,0.009108,0.005049,0.010037,0.002517,0.009342,0.002518
27	11603.239999999998	0.18565299999999998	498.11,267.82,533.78,536.02,526.21,533.97,179.49,535.83,522.57,268.52,529.76,267.82,535.29,532.04,535.31,479.78,530.67,501.00,534.57,533.53,533.27,268.40,178.33,266.60,527.63,178.74,268.18	0.007970,0.004285,0.008541,0.008576,0.008419,0.008544,0.002872,0.008573,0.008361,0.004296,0.008476,0.004285,0.008565,0.008513,0.008565,0.007677,0.008491,0.008016,0.008553,0.008537,0.008532,0.004294,0.002853,0.004266,0.008442,0.002860,0.004291
28	11598.059999999998	0.18556799999999996	254.14,502.93,508.21,508.35,508.47,508.46,476.55,508.36,498.79,507.52,508.09,507.07,507.86,493.07,253.47,169.68,508.22,255.30,508.49,506.97,481.41,507.46,507.99,169.21,254.73,169.84,255.03,252.39	0.004066,0.008047,0.008131,0.008134,0.008136,0.008135,0.007625,0.008134,0.007981,0.008120,0.008129,0.008113,0.008126,0.007889,0.004055,0.002715,0.008132,0.004085,0.008136,0.008111,0.007702,0.008119,0.008128,0.002707,0.004076,0.002718,0.004080,0.004038
29	11618.49	0.18589500000000003	254.92,254.96,505.62,256.28,510.11,494.67,471.29,509.64,494.49,256.45,510.23,256.57,493.63,257.86,256.09,258.30,512.91,501.57,504.06,512.60,509.81,479.33,511.50,509.82,257.15,254.52,511.75,257.35,255.01	0.004079,0.004079,0.008090,0.004100,0.008162,0.007915,0.007541,0.008154,0.007912,0.004103,0.008164,0.004105,0.007898,0.004126,0.004097,0.004133,0.008206,0.008025,0.008065,0.008202,0.008157,0.007669,0.008184,0.008157,0.004114,0.004072,0.008188,0.004118,0.004080
30	11518.269999999999	0.18429	531.86,503.96,531.39,265.47,530.17,267.79,265.96,265.64,517.21,500.15,522.19,265.69,508.78,136.51,134.39,134.80,475.02,267.97,267.64,531.99,126.26,524.38,266.60,530.54,525.60,266.31,532.88,531.22,263.64,526.26	0.008510,0.008063,0.008502,0.004247,0.008483,0.004285,0.004255,0.004250,0.008275,0.008002,0.008355,0.004251,0.008141,0.002184,0.002150,0.002157,0.007600,0.004287,0.004282,0.008512,0.002020,0.008390,0.004266,0.008489,0.008410,0.004261,0.008526,0.008499,0.004218,0.008420
31	11592.290000000005	0.18547799999999998	464.03,503.17,254.99,512.34,252.81,256.85,454.98,259.05,512.78,493.81,513.29,512.16,260.15,508.37,513.08,460.43,505.33,257.80,170.56,255.47,508.37,256.52,171.35,260.09,510.99,254.22,510.70,253.01,260.44,171.87,513.28	0.007424,0.008051,0.004080,0.008197,0.004045,0.004110,0.007280,0.004145,0.008205,0.007901,0.008213,0.008195,0.004162,0.008134,0.008209,0.007367,0.008085,0.004125,0.002729,0.004088,0.008134,0.004104,0.002742,0.004161,0.008176,0.004068,0.008171,0.004048,0.004167,0.002750,0.008212
32	11592.76	0.18548299999999998	415.38,445.70,224.38,452.93,451.88,450.43,405.80,225.58,151.40,452.34,452.69,450.63,452.01,450.00,151.46,412.91,226.60,150.29,452.64,449.11,450.29,226.39,229.02,227.20,441.97,224.63,452.79,452.52,441.17,451.63,228.25,442.74	0.006646,0.007131,0.003590,0.007247,0.007230,0.007207,0.006493,0.003609,0.002422,0.007237,0.007243,0.007210,0.007232,0.007200,0.002423,0.006607,0.003626,0.002405,0.007242,0.007186,0.007205,0.003622,0.003664,0.003635,0.007071,0.003594,0.007245,0.007240,0.007059,0.007226,0.003652,0.007084
