#pairs	Agg BW average[MB/sec]	Agg MsgRate[Mpps]	BW averages[MB/sec]	MsgRates[Mpps]
1	1336.23	0.02138	1336.23	0.021380
2	1768.62	0.028298	882.41,886.21	0.014119,0.014179
3	2674.36	0.042789	897.20,879.01,898.15	0.014355,0.014064,0.014370
4	3530.74	0.056492	855.01,951.81,889.01,834.91	0.013680,0.015229,0.014224,0.013359
5	4114.28	0.065828	850.80,861.20,869.81,845.40,687.07	0.013613,0.013779,0.013917,0.013526,0.010993
6	4667.43	0.074679	844.80,833.19,666.26,661.00,835.20,826.98	0.013517,0.013331,0.010660,0.010576,0.013363,0.013232
7	5431.349999999999	0.08690300000000001	798.63,818.41,806.41,836.60,652.41,695.65,823.24	0.012778,0.013095,0.012903,0.013386,0.010439,0.011130,0.013172
8	6028.009999999999	0.09644900000000001	799.69,853.41,831.81,674.59,558.95,814.61,582.98,911.97	0.012795,0.013655,0.013309,0.010793,0.008943,0.013034,0.009328,0.014592
9	7497.4	0.11995800000000001	873.40,833.81,847.25,877.20,820.80,835.40,771.96,819.78,817.80	0.013974,0.013341,0.013556,0.014035,0.013133,0.013366,0.012351,0.013117,0.013085
10	7781.219999999999	0.12450100000000001	813.29,721.41,787.81,667.78,848.10,843.21,714.90,626.50,916.61,841.61	0.013013,0.011543,0.012605,0.010685,0.013570,0.013491,0.011438,0.010024,0.014666,0.013466
11	8667.880000000001	0.138684	785.54,843.57,672.89,836.15,812.01,737.59,665.66,794.21,828.64,802.21,889.41	0.012569,0.013497,0.010766,0.013378,0.012992,0.011801,0.010651,0.012707,0.013258,0.012835,0.014230
12	9279.06	0.148465	826.63,799.80,648.36,528.85,814.01,804.80,749.70,816.81,823.61,812.26,838.21,816.02	0.013226,0.012797,0.010374,0.008462,0.013024,0.012877,0.011995,0.013069,0.013178,0.012996,0.013411,0.013056
13	9759.99	0.15616	807.82,820.00,686.60,791.79,653.99,848.78,764.44,808.40,621.50,821.99,807.82,664.99,661.87	0.012925,0.013120,0.010986,0.012669,0.010464,0.013580,0.012231,0.012934,0.009944,0.013152,0.012925,0.010640,0.010590
14	10603.019999999999	0.16964899999999997	785.82,705.21,722.41,817.41,813.41,825.01,742.27,801.61,516.55,868.01,805.21,802.82,735.41,661.87	0.012573,0.011283,0.011559,0.013079,0.013015,0.013200,0.011876,0.012826,0.008265,0.013888,0.012883,0.012845,0.011767,0.010590
15	10718.56	0.17149699999999998	670.32,800.61,771.01,669.41,608.83,813.81,592.41,640.83,837.41,584.07,738.01,817.01,702.21,682.61,790.01	0.010725,0.012810,0.012336,0.010711,0.009741,0.013021,0.009479,0.010253,0.013399,0.009345,0.011808,0.013072,0.011235,0.010922,0.012640
16	11448.33	0.183175	607.35,604.61,780.81,781.81,820.61,784.88,640.57,629.67,753.21,760.01,792.41,843.41,656.25,736.81,651.86,604.06	0.009718,0.009674,0.012493,0.012509,0.013130,0.012558,0.010249,0.010075,0.012051,0.012160,0.012679,0.013495,0.010500,0.011789,0.010430,0.009665
17	11543.72	0.18470199999999998	694.72,758.20,602.41,512.60,766.61,748.19,638.71,763.55,686.42,668.95,591.61,636.40,781.42,523.13,782.29,681.66,706.85	0.011116,0.012131,0.009639,0.008202,0.012266,0.011971,0.010219,0.012217,0.010983,0.010703,0.009466,0.010182,0.012503,0.008370,0.012517,0.010907,0.011310
18	11612.390000000001	0.18579900000000002	632.61,642.21,361.62,729.11,666.38,685.94,604.17,731.72,691.01,666.24,733.97,725.04,637.76,380.97,725.35,626.67,704.77,666.85	0.010122,0.010275,0.005786,0.011666,0.010662,0.010975,0.009667,0.011708,0.011056,0.010660,0.011743,0.011601,0.010204,0.006095,0.011606,0.010027,0.011276,0.010670
19	11645.6	0.18633100000000002	492.37,547.67,772.61,542.21,708.61,746.81,637.77,804.76,496.94,705.40,541.92,518.47,666.81,560.62,768.21,493.78,586.16,538.47,516.01	0.007878,0.008763,0.012362,0.008675,0.011338,0.011949,0.010204,0.012876,0.007951,0.011286,0.008671,0.008296,0.010669,0.008970,0.012291,0.007901,0.009379,0.008616,0.008256
20	11582.850000000002	0.18532500000000002	334.12,664.22,586.57,583.29,332.32,661.96,577.73,652.28,607.51,336.79,672.03,669.07,667.21,655.60,662.00,608.02,670.77,336.44,645.40,659.52	0.005346,0.010628,0.009385,0.009333,0.005317,0.010591,0.009244,0.010436,0.009720,0.005389,0.010753,0.010705,0.010675,0.010490,0.010592,0.009728,0.010732,0.005383,0.010326,0.010552
21	11594.880000000001	0.185516	601.36,682.15,686.84,685.05,569.81,688.33,579.94,622.34,644.91,630.00,656.51,617.71,176.01,673.29,173.09,588.43,639.02,173.50,660.52,672.48,173.59	0.009622,0.010914,0.010989,0.010961,0.009117,0.011013,0.009279,0.009957,0.010319,0.010080,0.010504,0.009883,0.002816,0.010773,0.002769,0.009415,0.010224,0.002776,0.010568,0.010760,0.002777
22	11595.179999999998	0.18552100000000002	676.79,327.27,338.38,661.38,324.78,650.79,672.08,351.78,578.42,626.38,652.13,647.32,557.37,603.77,674.27,673.27,348.82,345.08,340.67,673.40,332.05,538.98	0.010829,0.005236,0.005414,0.010582,0.005196,0.010413,0.010753,0.005628,0.009255,0.010022,0.010434,0.010357,0.008918,0.009660,0.010788,0.010772,0.005581,0.005521,0.005451,0.010774,0.005313,0.008624
23	11631.529999999999	0.186104	535.48,265.38,535.96,528.77,535.43,536.08,536.82,535.89,507.69,534.47,535.58,271.64,494.46,534.69,531.42,535.04,535.94,508.36,535.42,536.36,535.63,490.21,534.81	0.008568,0.004246,0.008575,0.008460,0.008567,0.008577,0.008589,0.008574,0.008123,0.008552,0.008569,0.004346,0.007911,0.008555,0.008503,0.008561,0.008575,0.008134,0.008567,0.008582,0.008570,0.007843,0.008557
24	11522.210000000001	0.184356	619.79,675.86,231.87,695.09,695.26,350.87,231.80,239.42,343.55,618.92,621.18,694.01,231.08,234.43,687.90,350.71,353.35,681.07,232.08,356.94,646.83,341.51,695.89,692.80	0.009917,0.010814,0.003710,0.011122,0.011124,0.005614,0.003709,0.003831,0.005497,0.009903,0.009939,0.011104,0.003697,0.003751,0.011006,0.005611,0.005654,0.010897,0.003713,0.005711,0.010349,0.005464,0.011134,0.011085
25	11622.339999999998	0.18595899999999999	491.78,513.43,527.67,270.22,265.31,531.96,499.21,533.96,532.23,523.96,535.37,272.08,533.91,534.06,533.87,267.62,270.41,533.97,535.36,535.16,534.13,534.02,267.05,534.84,510.76	0.007869,0.008215,0.008443,0.004323,0.004245,0.008511,0.007987,0.008543,0.008516,0.008383,0.008566,0.004353,0.008543,0.008545,0.008542,0.004282,0.004327,0.008544,0.008566,0.008563,0.008546,0.008544,0.004273,0.008558,0.008172
26	11591.630000000003	0.18546700000000005	495.13,528.44,535.33,529.86,536.41,534.49,482.12,536.13,525.60,535.53,535.88,536.34,535.14,535.81,269.12,177.71,533.98,271.44,535.87,536.59,179.78,267.39,535.68,267.84,178.83,455.19	0.007922,0.008455,0.008565,0.008478,0.008583,0.008552,0.007714,0.008578,0.008410,0.008569,0.008574,0.008582,0.008562,0.008573,0.004306,0.002843,0.008544,0.004343,0.008574,0.008586,0.002876,0.004278,0.008571,0.004285,0.002861,0.007283
27	11588.359999999999	0.18541600000000003	184.54,542.49,561.51,562.32,561.33,560.27,496.46,560.97,554.15,561.53,559.98,279.37,281.88,287.74,559.71,181.36,281.29,195.72,560.73,562.26,282.12,524.15,279.91,556.48,281.56,486.92,281.61	0.002953,0.008680,0.008984,0.008997,0.008981,0.008964,0.007943,0.008976,0.008866,0.008985,0.008960,0.004470,0.004510,0.004604,0.008955,0.002902,0.004501,0.003132,0.008972,0.008996,0.004514,0.008386,0.004479,0.008904,0.004505,0.007791,0.004506
28	11608.139999999998	0.185731	276.43,505.86,539.96,271.45,271.50,267.98,477.86,271.39,508.09,534.32,269.66,541.22,273.00,524.77,542.94,484.20,270.00,503.99,531.61,544.14,269.47,513.58,542.16,274.63,518.06,266.38,271.85,541.64	0.004423,0.008094,0.008639,0.004343,0.004344,0.004288,0.007646,0.004342,0.008129,0.008549,0.004315,0.008660,0.004368,0.008396,0.008687,0.007747,0.004320,0.008064,0.008506,0.008706,0.004312,0.008217,0.008675,0.004394,0.008289,0.004262,0.004350,0.008666
29	11625.280000000002	0.18600500000000003	533.43,528.54,533.87,270.68,531.67,530.46,177.91,263.88,533.49,532.48,534.04,264.02,492.93,268.64,179.48,533.83,534.09,532.89,535.01,534.19,505.77,490.59,276.07,265.59,177.35,267.92,270.79,267.69,257.98	0.008535,0.008457,0.008542,0.004331,0.008507,0.008487,0.002847,0.004222,0.008536,0.008520,0.008545,0.004224,0.007887,0.004298,0.002872,0.008541,0.008545,0.008526,0.008560,0.008547,0.008092,0.007849,0.004417,0.004249,0.002838,0.004287,0.004333,0.004283,0.004128
30	11602.219999999996	0.18563500000000005	486.95,545.16,182.97,544.40,527.43,534.92,469.37,181.19,505.35,544.28,136.37,134.78,545.56,138.44,544.70,487.19,136.92,504.97,545.62,545.30,544.98,274.77,270.89,528.71,182.12,467.16,270.07,271.39,274.63,275.63	0.007791,0.008723,0.002928,0.008710,0.008439,0.008559,0.007510,0.002899,0.008086,0.008708,0.002182,0.002156,0.008729,0.002215,0.008715,0.007795,0.002191,0.008079,0.008730,0.008725,0.008720,0.004396,0.004334,0.008459,0.002914,0.007475,0.004321,0.004342,0.004394,0.004410
31	11617.269999999999	0.18587700000000001	282.72,555.58,556.43,563.90,556.33,559.71,491.06,279.91,286.05,288.69,283.55,566.47,110.91,565.61,116.55,281.62,289.74,547.16,283.27,116.99,565.97,525.90,115.84,288.11,112.27,487.24,285.13,284.92,558.42,286.83,524.39	0.004524,0.008889,0.008903,0.009022,0.008901,0.008955,0.007857,0.004479,0.004577,0.004619,0.004537,0.009064,0.001775,0.009050,0.001865,0.004506,0.004636,0.008755,0.004532,0.001872,0.009055,0.008414,0.001853,0.004610,0.001796,0.007796,0.004562,0.004559,0.008935,0.004589,0.008390
32	11601.67	0.18562599999999996	441.54,453.36,233.47,235.30,469.56,237.54,234.01,464.35,462.59,236.20,237.02,231.97,238.73,456.29,469.37,434.34,467.97,236.97,463.34,469.64,455.27,463.51,469.47,468.48,233.82,236.16,233.65,233.59,461.62,469.28,234.27,468.99	0.007065,0.007254,0.003736,0.003765,0.007513,0.003801,0.003744,0.007430,0.007401,0.003779,0.003792,0.003712,0.003820,0.007301,0.007510,0.006949,0.007488,0.003791,0.007413,0.007514,0.007284,0.007416,0.007511,0.007496,0.003741,0.003779,0.003738,0.003737,0.007386,0.007508,0.003748,0.007504
